104 |499 |298 |311 |18 |279 |100 |25 |177 |24 |35 |2 |482 |307 |137 |277 |275 |310 |217 |64 |363 |67 |368 |450 |294 |313 |247 |494 |483 |458 

275 |310 |217 |64 |363 |67 |368 |450 |294 |313 |247 |494 |483 |458 

294 |313 |247 |494 |483 |458 

483 |458 

EMPTY

2 2 18 24 24 25 25 25 35 55 64 64 65 67 100 104 105 105 105 105 137 139 177 185 205 217 242 242 242 247 259 259 264 275 277 277 277 279 279 279 279 279 289 294 298 307 307 310 310 311 311 311 313 363 368 388 405 450 471 482 483 497 499 499 499 

EMPTY