541 |143 |861 |89 |219 |165 |443 |605 |505 |460 |450 |840 |351 |956 |369 |466 |899 |387 |82 |690 |557 |666 |910 |616 

899 |387 |82 |690 |557 |666 |910 |616 

EMPTY

82 89 219 450 505 516 523 530 539 539 541 690 746 840 861 896 899 |72 89 143 165 219 248 351 387 400 400 445 460 557 690 840 849 896 |82 90 165 219 248 351 443 445 445 450 466 515 557 620 666 861 956 |89 165 168 369 434 443 466 605 620 666 673 673 690 710 840 910 956 

82 90 165 219 248 351 443 445 445 450 466 515 557 620 666 861 956 |89 165 168 369 434 443 466 605 620 666 673 673 690 710 840 910 956 

89 165 168 369 434 443 466 605 620 666 673 673 690 710 840 910 956 

EMPTY