EMPTY

89 530 539 541 861 |89 143 219 400 445 |165 219 445 620 861 |89 165 168 443 673 |219 443 541 605 846 |130 143 165 505 605 |321 443 460 505 861 |89 164 450 460 605 |219 450 505 516 840 |165 351 460 840 849 |90 351 443 450 956 |369 434 605 840 956 |111 351 369 466 505 |460 466 638 899 956 |369 387 450 455 899 |82 387 466 565 840 

219 450 505 516 840 |165 351 460 840 849 |90 351 443 450 956 |369 434 605 840 956 |111 351 369 466 505 |460 466 638 899 956 |369 387 450 455 899 |82 387 466 565 840 

111 351 369 466 505 |460 466 638 899 956 |369 387 450 455 899 |82 387 466 565 840 

369 387 450 455 899 |82 387 466 565 840 

82 387 466 565 840 

EMPTY