105 |104 |499 |298 |311 |18 |279 |100 |25 |177 |24 |35 |2 |482 |307 |137 |277 |275 |310 |217 |64 |363 |67 |368 |450 |294 |313 |247 

277 |275 |310 |217 |64 |363 |67 |368 |450 |294 |313 |247 

450 |294 |313 |247 

EMPTY

2 18 24 25 64 104 105 177 205 242 242 242 264 275 277 279 279 279 279 289 294 307 310 311 363 388 450 471 482 483 497 499 499 |18 24 29 35 67 68 96 100 100 104 137 177 207 207 217 266 275 279 294 298 298 307 310 313 314 363 370 437 437 437 458 482 499 

18 24 29 35 67 68 96 100 100 104 137 177 207 207 217 266 275 279 294 298 298 307 310 313 314 363 370 437 437 437 458 482 499 

EMPTY