279 |207 |259 |480 |242 |437 |105 |104 |499 |298 |311 |18 |279 |100 |25 |177 

EMPTY

104 105 205 242 275 277 279 307 497 |29 104 137 207 275 310 314 437 499 |105 139 185 217 259 277 298 310 499 |35 64 104 217 217 275 298 311 480 |18 64 242 310 311 363 388 471 499 |18 67 68 96 217 279 298 363 437 |55 64 67 100 105 279 311 368 405 |18 25 100 104 218 363 368 391 450 

18 64 242 310 311 363 388 471 499 |18 67 68 96 217 279 298 363 437 |55 64 67 100 105 279 311 368 405 |18 25 100 104 218 363 368 391 450 

55 64 67 100 105 279 311 368 405 |18 25 100 104 218 363 368 391 450 

18 25 100 104 218 363 368 391 450 

EMPTY