530 |445 |620 |168 |846 |130 |321 |164 |516 |849 |90 |434 |111 |638 |455 |565 |523 |72 |515 |710 |211 |328 |526 |100 |539 |400 |445 |673 |541 |143 |861 

523 |72 |515 |710 |211 |328 |526 |100 |539 |400 |445 |673 |541 |143 |861 

539 |400 |445 |673 |541 |143 |861 

541 |143 |861 

861 

EMPTY

72 72 72 82 82 82 89 89 89 89 90 100 111 130 143 143 143 164 165 165 165 165 168 211 219 219 219 219 248 248 255 321 328 351 351 351 369 369 369 387 387 387 400 400 434 442 443 443 443 443 445 445 445 450 450 450 450 455 460 460 460 460 466 466 466 466 466 505 505 505 505 515 516 523 526 530 539 539 541 541 541 557 557 557 565 605 605 605 605 616 616 616 620 620 638 666 666 666 673 673 690 690 690 710 746 746 766 766 840 840 840 840 846 849 861 861 861 861 896 896 899 899 899 910 910 910 956 956 956 